5.6855e-04,-1.0396e-06,4.0905e-04,1.2448e-03,-9.5700e-03,-9.4220e-04
-1.0396e-06,2.1087e-07,5.4401e-07,-6.5974e-07,5.1904e-06,2.1683e-06
4.0905e-04,5.4401e-07,5.7643e-04,2.7771e-04,-8.6667e-03,-5.8702e-04
1.2448e-03,-6.5974e-07,2.7771e-04,1.6892e-02,-7.6458e-02,-4.0439e-03
-9.5700e-03,5.1904e-06,-8.6667e-03,-7.6458e-02,7.7892e-02,6.4583e-02
-9.4220e-04,2.1683e-06,-5.8702e-04,-4.0439e-03,6.4583e-02,-1.7843e-03
