SUMMARY
-------
analyzer: nested
nested_algorithm: multi
dynamic: False
nlive: 4000
niter: 94858
ncall: 672852
%eff: 14.6925
logz: -550.5892 +/- 0.0889
loglikes: [-4.57711760e+06 -4.50250737e+06 -4.44481596e+06 ... -5.31506283e+02
 -5.31501503e+02 -5.31484113e+02]
Om: 0.3111 +/- 0.0092
Obh2: 0.0224 +/- 0.0002
h: 0.6818 +/- 0.0083
s8: 0.7647 +/- 0.1072
mnu: 0.4174 +/- 0.2716
w: -0.9797 +/- 0.0489
wa: -0.1557 +/- 0.2048
Ok: 0.0052 +/- 0.0034

Elapsed time: 11802.463 minutes = 708147.785 seconds 
