SUMMARY
-------
analyzer: nested
nested_algorithm: multi
dynamic: False
nlive: 4000
niter: 68206
ncall: 534583
%eff: 13.5072
logz: -543.6750 +/- 0.0689
loglikes: [-7004.51879734 -6417.43641025 -6187.7380143  ...  -531.27764215
  -531.2485022   -531.23243045]
Om: 0.3050 +/- 0.0170
Obh2: 0.0221 +/- 0.0005
h: 0.6712 +/- 0.0193
s8: 0.7165 +/- 0.1380
mnu: 0.4679 +/- 0.2856
w: -0.9679 +/- 0.0545
wa: -0.0811 +/- 0.2804
Ok: -0.0015 +/- 0.0113

Elapsed time: 8569.321 minutes = 514159.281 seconds 
