SUMMARY
-------
analyzer: nested
nested_algorithm: multi
dynamic: False
nlive: 4000
niter: 121288
ncall: 610886
%eff: 20.5094
logz: -544.8651 +/- 0.1040
loglikes: [-4.67009263e+06 -4.48211881e+06 -4.44669103e+06 ... -5.19194702e+02
 -5.19169495e+02 -5.19151978e+02]
Om: 0.3153 +/- 0.0107
Obh2: 0.0243 +/- 0.0003
h: 0.5709 +/- 0.0174
s8: 0.7965 +/- 0.0549
mnu: 0.9371 +/- 0.0624
w: -1.2540 +/- 0.0711
wa: -1.8466 +/- 0.1355
Ok: 0.0064 +/- 0.0037

Elapsed time: 8978.217 minutes = 538693.049 seconds 
