SUMMARY
-------
analyzer: nested
nested_algorithm: multi
dynamic: False
nlive: 4000
niter: 95148
ncall: 682622
%eff: 14.5247
logz: -550.8177 +/- 0.0878
loglikes: [-4.63561275e+06 -4.33444825e+06 -4.30478069e+06 ... -5.31698276e+02
 -5.31671326e+02 -5.31638409e+02]
Om: 0.3115 +/- 0.0097
Obh2: 0.0224 +/- 0.0002
h: 0.6818 +/- 0.0090
s8: 0.7550 +/- 0.1070
mnu: 0.4001 +/- 0.2697
w: -0.9784 +/- 0.0522
wa: -0.1562 +/- 0.2219
Ok: 0.0050 +/- 0.0036

Elapsed time: 9485.646 minutes = 569138.733 seconds 
