SUMMARY
-------
analyzer: nested
nested_algorithm: multi
dynamic: False
nlive: 4000
niter: 69121
ncall: 528573
%eff: 13.8339
logz: -544.0075 +/- 0.0689
loglikes: [-5203.87462449 -4903.26693    -4891.21671143 ...  -531.38183594
  -531.37463379  -531.33581543]
Om: 0.3097 +/- 0.0160
Obh2: 0.0221 +/- 0.0004
h: 0.6742 +/- 0.0179
s8: 0.6934 +/- 0.1207
mnu: 0.4802 +/- 0.2559
w: -0.9685 +/- 0.0524
wa: -0.1748 +/- 0.2827
Ok: -0.0010 +/- 0.0105

Elapsed time: 6018.099 minutes = 361085.967 seconds 
