8.6412e-04,-1.3545e-06,5.1519e-04,8.8270e-03,-4.5242e-03,-3.8258e-04
-1.3545e-06,2.1149e-07,1.2029e-08,-1.1307e-05,7.1096e-06,2.6803e-08
5.1519e-04,1.2029e-08,8.0260e-04,4.1935e-03,-2.7950e-03,-2.3409e-04
8.8270e-03,-1.1307e-05,4.1935e-03,1.8243e-01,-8.0085e-02,-2.3412e-03
-4.5242e-03,7.1096e-06,-2.7950e-03,-8.0085e-02,4.0295e-02,-2.3513e-03
-3.8258e-04,2.6803e-08,-2.3409e-04,-2.3412e-03,-2.3513e-03,4.9287e-03
