8.4031e-04,-1.3270e-06,5.0782e-04,8.5937e-03,-4.4003e-03,-3.7628e-04
-1.3270e-06,2.1143e-07,1.9151e-08,-1.1029e-05,6.9559e-06,2.0569e-08
5.0782e-04,1.9151e-08,8.0273e-04,4.1542e-03,-2.7656e-03,-2.3478e-04
8.5937e-03,-1.1029e-05,4.1542e-03,1.8100e-01,-7.9237e-02,-2.3528e-03
-4.4003e-03,6.9559e-06,-2.7656e-03,-7.9237e-02,3.9803e-02,-2.3643e-03
-3.7628e-04,2.0569e-08,-2.3478e-04,-2.3528e-03,-2.3643e-03,4.9414e-03
