7.3195e-04,-1.1862e-06,4.7029e-04,7.5062e-03,-3.8280e-03,-3.3621e-04
-1.1862e-06,2.1100e-07,7.0209e-08,-9.7478e-06,6.2354e-06,-1.4074e-08
4.7029e-04,7.0209e-08,7.9549e-04,3.7552e-03,-2.5575e-03,-2.1828e-04
7.5062e-03,-9.7478e-06,3.7552e-03,1.6895e-01,-7.3025e-02,-1.8527e-03
-3.8280e-03,6.2354e-06,-2.5575e-03,-7.3025e-02,3.6606e-02,-2.6270e-03
-3.3621e-04,-1.4074e-08,-2.1828e-04,-1.8527e-03,-2.6270e-03,4.9419e-03
