4.5850e-04,-6.6842e-07,4.2306e-04,8.6399e-04,-3.5674e-03,-1.2690e-03
-6.6842e-07,2.0541e-07,7.4874e-07,-8.3415e-07,6.1696e-06,2.2025e-06
4.2306e-04,7.4874e-07,1.2948e-03,-7.2390e-04,3.4053e-03,-3.1966e-03
8.6399e-04,-8.3415e-07,-7.2390e-04,1.5705e-02,-5.9483e-02,-4.2880e-05
-3.5674e-03,6.1696e-06,3.4053e-03,-5.9483e-02,4.1317e-01,-2.0156e-02
-1.2690e-03,2.2025e-06,-3.1966e-03,-4.2880e-05,-2.0156e-02,1.0303e-02
