SUMMARY
-------
analyzer: mcmc
maxlike: 1440.7281
loglikes: [1474.03 1471.36 1464.86 ... 1450.75 1443.94 1450.79]
gr_diagnostic: [0.00114924 0.00144374 0.00018686 0.04330663 0.12163845]
Om: 0.3097 +/- inf
Obh2: 0.0200 +/- inf
h: 0.7797 +/- inf
b: 0.0914 +/- inf
beta: 0.0302 +/- inf

Elapsed time: 401.272 minutes = 24076.339 seconds 
