SUMMARY
-------
analyzer: mcmc
maxlike: 1440.1714
loglikes: [1463.85 1458.19 1458.09 ... 1452.33 1449.64 1442.11]
gr_diagnostic: [3.61882675e-04 3.27016231e-04 1.29338283e-03 7.84077338e-01]
Om: 0.3097 +/- inf
Obh2: 0.0200 +/- inf
h: 0.7797 +/- inf
alfa: 0.1928 +/- inf

Elapsed time: 162.384 minutes = 9743.056 seconds 
