2.3423e-04,-1.1859e-06,-2.3662e-05,6.6109e-04,-4.0213e-03,-1.2656e-04
-1.1859e-06,2.0541e-07,-4.5471e-08,-7.0373e-07,1.5305e-06,3.5264e-06
-2.3662e-05,-4.5471e-08,-4.8166e-05,-8.5206e-05,-1.6941e-04,1.5994e-04
6.6109e-04,-7.0373e-07,-8.5206e-05,2.3023e-02,-4.3815e-02,-9.4271e-03
-4.0213e-03,1.5305e-06,-1.6941e-04,-4.3815e-02,5.4545e-01,-2.2275e-02
-1.2656e-04,3.5264e-06,1.5994e-04,-9.4271e-03,-2.2275e-02,8.0921e-03
